0.025701 36
1.326913 1
0.079001 1
0.095034 2
0.000952 184
0.000006 60
0.000009 58
0.000226 36
1.955007 1
0.131122 1
0.151102 1
0.169167 1
0.064856 1
0.127541 1
0.292249 4
0.182315 4
0.107765 4
0.417219 1
0.133197 1
1.924150 1
0.211889 1
0.129706 1
0.096469 1
0.131732 1
0.097638 1
0.570370 1
0.665125 1
0.244081 1
2.643457 1
0.093366 1
4.401836 1
2.137715 2
0.322259 1
0.112981 1
0.358928 1
1.033633 1
0.113067 1
0.493316 1
1.285361 1
0.243584 1
0.208287 1
0.096153 1
0.200217 1
0.108780 1
0.656879 1
0.284295 1
0.148856 1
0.126181 1
0.275695 1
1.264519 1
1.164220 1
0.091467 1
0.647295 1
0.207565 1
0.284430 1
0.112004 1
0.882105 1
0.413321 1
0.146810 1
0.107764 1
0.193183 1
0.101828 1
2.557135 1
3.278561 1
1.906907 1
0.048274 1
0.059626 1
0.247006 1
0.553800 1
0.480145 1
0.127747 1
2.009490 1
0.178861 1
1.238853 1
0.234211 1
0.641994 1
0.096886 3
0.185218 1
0.084708 1
0.883756 1
0.676030 1
1.714025 2
0.002369 36
1.026296 1
0.074123 1
0.263876 2
0.001083 84
0.000040 264
0.000205 36
2.161839 1
0.069508 1
0.174400 1
0.171070 1
0.134171 1
0.087613 1
0.152812 1
0.070640 1
0.414698 1
0.293967 52
0.568899 1
0.057829 1
0.107283 2
0.000915 11
0.000228 50
1.774488 1
0.230713 1
0.431263 1
0.126130 1
0.208221 1
1.140221 1
0.468781 1
0.283838 1
1.745935 4
0.558560 1
0.472949 9
1.080128 2
0.001308 21
0.000105 37
0.000071 2
0.000061 37
0.000037 2
0.000046 37
0.000084 2
0.000038 43
0.000035 2
0.000037 37
0.000101 2
0.000021 37
0.000127 2
0.000037 37
0.000139 2
0.000018 37
0.000049 2
0.000016 37
0.000217 2
0.000017 37
0.000023 2
0.000016 37
0.000030 2
0.000031 37
0.000026 2
0.000015 37
0.000029 2
0.000403 50
1.793837 1
0.176619 1
0.196532 1
0.179650 1
0.887544 2
0.000658 16
0.000035 52
0.000030 88
0.000026 30
0.000029 86
0.000054 32
0.000029 96
0.000019 34
0.000032 95
0.000008 32
0.000004 2
0.000030 92
0.000200 50
2.719293 6
